1.0  373.15
1.0026315789473683  367.88684210526264
1.0052631578947366  362.62368421052537
1.007894736842105  357.36052631578815
1.0105263157894733  352.097368421051
1.0131578947368416  346.8342105263139
1.01578947368421  341.57105263157683
1.0184210526315782  336.30789473683984
1.0210526315789465  331.0447368421029
1.0236842105263149  325.78157894736603
1.0263157894736832  320.5184210526292
1.0289473684210515  315.25526315789244
1.0315789473684198  309.99210526315574
1.0342105263157881  304.728947368419
1.0368421052631565  299.4657894736824
1.0394736842105248  294.2026315789458
1.042105263157893  288.93947368420925
1.0447368421052614  283.67631578947277
1.0473684210526297  278.41315789473634
1.049999999999998  273.15
